Git Version: 4f1f8bf6
    N,N,0,1,4096,8192,8,1,4096,32768,0,8,65536,4096,33554432,4096,33554432,bf16_r,bf16_r,bf16_r,bf16_r,f32_r,0,0,0,0,0,none,0,f32_r,512,19428.6,2268.41,27.633,85658,gfx942:sramecc+:xnack-,304
    T,N,0,1,8,8192,4096,1,4096,32768,0,4096,33554432,8,65536,8,65536,bf16_r,bf16_r,bf16_r,bf16_r,f32_r,0,0,0,0,0,none,0,f32_r,512,22214,2593.63,24.1681,107707,gfx942:sramecc+:xnack-,304
    N,T,0,1,4096,8,8192,1,4096,33554432,0,8,65536,4096,32768,4096,32768,bf16_r,bf16_r,bf16_r,bf16_r,f32_r,0,0,0,0,0,none,0,f32_r,512,19087.6,2228.6,28.1267,71509,gfx942:sramecc+:xnack-,304
    N,N,0,1,4096,8192,4096,1,4096,16777216,0,4096,33554432,4096,33554432,4096,33554432,bf16_r,bf16_r,bf16_r,bf16_r,f32_r,0,0,0,0,0,none,0,f32_r,512,652221,370.745,421.449,84994,gfx942:sramecc+:xnack-,304
    T,N,0,1,4096,8192,4096,1,4096,16777216,0,4096,33554432,4096,33554432,4096,33554432,bf16_r,bf16_r,bf16_r,bf16_r,f32_r,0,0,0,0,0,none,0,f32_r,512,612315,348.061,448.916,105190,gfx942:sramecc+:xnack-,304
    N,T,0,1,4096,6144,8192,1,4096,33554432,0,6144,50331648,4096,25165824,4096,25165824,bf16_r,bf16_r,bf16_r,bf16_r,f32_r,0,0,0,0,0,none,0,f32_r,512,579925,285.696,710.983,69721,gfx942:sramecc+:xnack-,304
    N,T,0,1,4096,4096,8192,1,4096,33554432,0,4096,33554432,4096,16777216,4096,16777216,bf16_r,bf16_r,bf16_r,bf16_r,f32_r,0,0,0,0,0,none,0,f32_r,512,629691,357.938,436.528,69753,gfx942:sramecc+:xnack-,304
    N,N,0,1,4096,8192,6144,1,4096,25165824,0,6144,50331648,4096,33554432,4096,33554432,bf16_r,bf16_r,bf16_r,bf16_r,f32_r,0,0,0,0,0,none,0,f32_r,512,656121,323.234,628.416,85063,gfx942:sramecc+:xnack-,304
    T,N,0,1,6144,8192,4096,1,4096,25165824,0,4096,33554432,6144,50331648,6144,50331648,bf16_r,bf16_r,bf16_r,bf16_r,f32_r,0,0,0,0,0,none,0,f32_r,512,636248,313.443,648.045,105186,gfx942:sramecc+:xnack-,304
    N,N,0,1,4096,8192,32000,1,4096,131072000,0,32000,262144000,4096,33554432,4096,33554432,bf16_r,bf16_r,bf16_r,bf16_r,f32_r,0,0,0,0,0,none,0,f32_r,512,678031,250.983,3167.24,85017,gfx942:sramecc+:xnack-,304
    T,N,0,1,32000,8192,4096,1,4096,131072000,0,4096,33554432,32000,262144000,32000,262144000,bf16_r,bf16_r,bf16_r,bf16_r,f32_r,0,0,0,0,0,none,0,f32_r,512,624582,231.198,3438.27,105086,gfx942:sramecc+:xnack-,304
    N,T,0,1,4096,32000,8192,1,4096,33554432,0,32000,262144000,4096,131072000,4096,131072000,bf16_r,bf16_r,bf16_r,bf16_r,f32_r,0,0,0,0,0,none,0,f32_r,512,650181,240.674,3302.9,69753,gfx942:sramecc+:xnack-,304
