Git Version: 4f1f8bf6
    N,N,0,1,6144,8192,8,1,6144,49152,0,8,65536,6144,50331648,6144,50331648,bf16_r,bf16_r,bf16_r,bf16_r,f32_r,0,0,0,0,0,none,0,f32_r,512,21340.8,2490.06,37.7356,91014,gfx942:sramecc+:xnack-,304
    T,N,0,1,8,8192,6144,1,6144,49152,0,6144,50331648,8,65536,8,65536,bf16_r,bf16_r,bf16_r,bf16_r,f32_r,0,0,0,0,0,none,0,f32_r,512,24132.6,2815.8,33.3701,107680,gfx942:sramecc+:xnack-,304
    N,T,0,1,6144,8,8192,1,6144,50331648,0,8,65536,6144,49152,6144,49152,bf16_r,bf16_r,bf16_r,bf16_r,f32_r,0,0,0,0,0,none,0,f32_r,512,21652,2526.37,37.1931,72047,gfx942:sramecc+:xnack-,304
    T,N,0,1,6144,8192,6144,1,6144,37748736,0,6144,50331648,6144,50331648,6144,50331648,bf16_r,bf16_r,bf16_r,bf16_r,f32_r,0,0,0,0,0,none,0,f32_r,512,631238,263.133,979.782,105186,gfx942:sramecc+:xnack-,304
    N,N,0,1,6144,8192,6144,1,6144,37748736,0,6144,50331648,6144,50331648,6144,50331648,bf16_r,bf16_r,bf16_r,bf16_r,f32_r,0,0,0,0,0,none,0,f32_r,512,662059,275.98,934.17,85020,gfx942:sramecc+:xnack-,304
    N,N,0,1,6144,8192,8192,1,6144,50331648,0,8192,67108864,6144,50331648,6144,50331648,bf16_r,bf16_r,bf16_r,bf16_r,f32_r,0,0,0,0,0,none,0,f32_r,512,677585,256.775,1217.02,84994,gfx942:sramecc+:xnack-,304
    N,T,0,1,6144,6144,8192,1,6144,50331648,0,6144,50331648,6144,37748736,6144,37748736,bf16_r,bf16_r,bf16_r,bf16_r,f32_r,0,0,0,0,0,none,0,f32_r,512,663048,276.393,932.777,69754,gfx942:sramecc+:xnack-,304
    T,N,0,1,8192,8192,6144,1,6144,50331648,0,6144,50331648,8192,67108864,8192,67108864,bf16_r,bf16_r,bf16_r,bf16_r,f32_r,0,0,0,0,0,none,0,f32_r,512,640481,242.714,1287.52,112972,gfx942:sramecc+:xnack-,304
    N,T,0,1,6144,8192,8192,1,6144,50331648,0,8192,67108864,6144,50331648,6144,50331648,bf16_r,bf16_r,bf16_r,bf16_r,f32_r,0,0,0,0,0,none,0,f32_r,512,612891,232.259,1345.48,69754,gfx942:sramecc+:xnack-,304
    N,N,0,1,6144,8192,32768,1,6144,201326592,0,32768,268435456,6144,50331648,6144,50331648,bf16_r,bf16_r,bf16_r,bf16_r,f32_r,0,0,0,0,0,none,0,f32_r,512,657603,193.132,5016,85017,gfx942:sramecc+:xnack-,304
    T,N,0,1,32768,8192,6144,1,6144,201326592,0,6144,50331648,32768,268435456,32768,268435456,bf16_r,bf16_r,bf16_r,bf16_r,f32_r,0,0,0,0,0,none,0,f32_r,512,666663,195.793,4947.83,105086,gfx942:sramecc+:xnack-,304
    N,T,0,1,6144,32768,8192,1,6144,50331648,0,32768,268435456,6144,201326592,6144,201326592,bf16_r,bf16_r,bf16_r,bf16_r,f32_r,0,0,0,0,0,none,0,f32_r,512,626738,184.067,5263.02,69753,gfx942:sramecc+:xnack-,304
